MonkeyTalk:1.0.50
SpeechService:1.1.21238
AudioEndPointing:1.0.81353
AudioSpeexEncoder:1.2.3.93911
ScoutFoundation:1.4.21365
UserService:6.0.21351
MapMatching:2.1.20923
NavEngine:4.3.20792
MapEngine:2.2.21482
MapDisplayGraphics:2.3.20516
TnUrl:1.1.97262
SQLite:3.3071400.92908
Png:1.5.2.97863
Jpeg:8.3.73081
Curl:7.24.0.96384
CJSON:1.0.93078
EntityService:2.5.21222
MicroSearchService:1.9.20953
MapService:2.5.21363
MicroMapDisplayService:1.9.17755
MicroRoutingService:1.9.20954
CRegExLib:1.9.20887
MicroCommon:1.9.18724
NavProtocol:1.0.20942
TMDB:1.9.20326
TinyXML:1.2.144638
Foundation:1.1.98548
ThreadPool:1.0.95762
Boost:1.51.0.98578
Protobuf:2.4.1.96257
Zlib:1.2.93118
PlatformHacks:1.0.93082
Stemmer:1.2.144638
SBJson:3.2.95975
BrowserSDK:2.2.98929
AdService:2.4.18908
